000307
000952
000744
001005
000836
002420
002281
001880
001923
001696
000626
000944
002327
000097
000724
002016
002181
002345
002521
002440
001015
000585
002445
002374
000426
001398
000013
001420
001910
000595
001658
001737
001086
000503
000714
001475
001590
001556
000468
000346
002450
000080
000792
002274
001489
001781
001949
002003
002512
000616
000336
001169
001893
000876
001543
002430
001249
000241
000636
002394
001442
000457
000282
000138
000272
001962
001530
001315
001455
001517
002489
002531
000297
000443
000493
002384
002069
002111
001130
001976
000317
002347
002312
000657
000058
001602
000003
000037
002325
001181
000543
001708
001750
001067
001236
000849
000287
000930
002095
000646
001850
002471
000890
001823
000687
000812
001643
002294
001153
000357
000667
001030
002554
001766
001045
002517
001110
000734
002461
000964
000180
001223