000003
000013
000037
000048
000058
000068
000080
000097
000102
000110
000138
000148
000158
000180
000228
000241
000272
000282
000287
000297
000307
000317
000325
000336
000346
000357
000391
000410
000426
000433
000443
000457
000468
000493
000503
000529
000543
000585
000595
000605
000616
000626
000636
000646
000657
000667
000677
000687
000700
000714
000724
000734
000744
000755
000769
000782
000792
000802
000812
000822
000836
000849
000862
000876
000890
000904
000917
000930
000944
000952
000964
001005
001015
001030
001045
001067
001086
001110
001130
001153
001169
001181
001196
001209
001223
001236
001249
001262
001276
001288
001300
001315
001336
001368
001388
001398
001420
001433
001442
001455
001475
001489
001517
001530
001543
001556
001566
001590
001602
001615
001629
001643
001658
001671
001683
001696
001708
001737
001750
001766
001781
001808
001823
001850
001880
001893
001910
001923
001949
001962
001976
002003
002016
002069
002081
002095
002111
002139
002152
002166
002181
002197
002264
002274
002281
002294
002300
002312
002325
002327
002339
002345
002347
002360
002374
002384
002394
002409
002420
002430
002440
002445
002450
002461
002471
002478
002489
002496
002503
002512
002517
002521
002531
002541
002554